 12.5645 -29.3531:[ 0.0872833   0.075723 0.00681188   0.172068   0.116014  0.0947967   0.311484  0.0656835  0.0701361]
  12.561 -25.9542:[ 0.227159 0.0675216 0.0060741  0.153431 0.0197412 0.0845295  0.277747 0.0585695  0.105227]
 11.3193 -22.2276:[ 0.120779 0.0409753 0.0179766 0.0395106  0.157955  0.228346  0.225135 0.0586857  0.110638]
 10.3628 -21.1117:[ 0.146702 0.0866326 0.0339886  0.074405  0.128842 0.0758286  0.221392  0.122792  0.109418]
 10.2134 -16.1541:[ 0.158622 0.0324638  0.149935  0.130559  0.127593  0.119564   0.16231  0.025794 0.0931583]
 10.1348 -14.5535:[  0.309287  0.0642975  0.0386099   0.248352 0.00546446  0.0660776   0.149651  0.0643471  0.0539134]
  9.8176 -12.8792:[ 0.199108  0.055261  0.150517 0.0721062  0.211744 0.0932869  0.121719 0.0144035 0.0818545]
 9.31999 -9.95443:[  0.216403  0.0711777   0.101657  0.0486995   0.316368  0.0630047   0.082207 0.00972792  0.0907548]
 8.46814 -9.41017:[ 0.195858 0.0350976   0.11925 0.0739924  0.212045 0.0403907 0.0860219 0.0792876  0.158057]
7.37214 -9.3623:[  0.175565 0.00943717  0.0192162   0.153365  0.0487985   0.192683  0.0850821   0.158305   0.157549]
 7.33012 -3.49091:[  0.335201  0.0303333  0.0818499   0.290293  0.0466184  0.0239288 0.00936589  0.0548801    0.12753]
 3.50402 -2.99711:[ 0.206081  0.266492 0.0834401  0.102972 0.0493306 0.0136116 0.0100248  0.189979 0.0780698]
===
 11.1749 -26.9663:[0.00708691   0.095264  0.0798429   0.262273   0.168501 0.00711497   0.284967  0.0880239 0.00692635]
 9.99571 -18.7113:[ 0.192866 0.0844528 0.0507129  0.226107 0.0071774 0.0867908  0.196562 0.0845179 0.0708136]
 9.98838 -15.0685:[ 0.205448 0.0567139  0.129471  0.149496  0.137556 0.0454143  0.152662 0.0536231 0.0696152]
 9.80715 -14.5657:[ 0.214356 0.0716318 0.0446173 0.0132562  0.222869  0.116127  0.140146  0.085607 0.0913889]
 9.58273 -14.3079:[  0.153918  0.0722134   0.135122   0.146164   0.146658    0.12232   0.139654 0.00251389  0.0814357]
 8.93817 -12.0407:[ 0.156399 0.0200533  0.163968 0.0588488  0.132478  0.172411   0.11306 0.0501605  0.132621]
 8.88168 -10.4926:[   0.215696    0.100969    0.110539    0.112315    0.171723    0.137136   0.0919069 0.000744575   0.0589708]
 7.59458 -10.2532:[ 0.134015  0.120138 0.0341387 0.0293125  0.230096  0.176687 0.0856697 0.0711378  0.118806]
 7.45461 -9.74603:[ 0.129157  0.121684  0.152638  0.139268  0.129537  0.077171 0.0911885 0.0267415  0.132615]
  7.1335 -8.84971:[ 0.140583 0.0391096   0.13991  0.123061  0.124987  0.142153 0.0771325  0.147146 0.0659181]
6.76457 -7.0139:[  0.107108  0.0614694   0.270545 0.00434018   0.113904   0.186213  0.0497536    0.01542   0.191247]
 6.50516 -6.10806:[0.0976475 0.0191048 0.0899283 0.0795159  0.214263   0.23578 0.0234073 0.0704208  0.169932]
 5.99451 -4.74271:[  0.159487  0.0508344   0.302841 0.00191214  0.0719061   0.191121  0.0191153  0.0815579   0.121226]
 5.46749 -3.78973:[ 0.153981 0.0344992  0.158353  0.163947  0.130909 0.0826386 0.0101765  0.163504  0.101991]
 4.86416 -3.75281:[  0.194796   0.120547   0.154087  0.0909825  0.0149739   0.178877 0.00209511   0.110438   0.133203]
===
11.0494  -27.64:[ 0.0400044   0.136181   0.258711   0.125304 0.00538469  0.0809506   0.294463  0.0388012     0.0202]
 9.94912 -17.6894:[  0.107927 0.00784439  0.0129619  0.0269183   0.217247   0.168125   0.176198   0.124237   0.158541]
  9.7536 -16.9987:[  0.147654  0.0467367   0.179461    0.17682  0.0818939 0.00720705   0.179476  0.0754264   0.105325]
 9.38051 -16.1465:[  0.101458  0.0534962 0.00283877  0.0444646   0.199418   0.212898   0.156125  0.0744845   0.154818]
 9.35758 -14.5137:[  0.172174   0.136144   0.148612   0.103391   0.171631   0.112149    0.13875 0.00942733 0.00772185]
 8.87047 -13.7063:[  0.167434   0.132396   0.123525  0.0168805   0.129916   0.124549    0.13493 0.00916781     0.1612]
 8.73979 -11.2614:[ 0.214423 0.0412315  0.173329 0.0651507 0.0498537  0.165582  0.107505 0.0541798  0.128746]
  7.5885 -10.7741:[0.0658067 0.0346983  0.244747 0.0288403  0.120617  0.138089  0.101265 0.0483116  0.217626]
 6.60746 -9.97879:[0.0727427  0.179229 0.0343515  0.215046  0.134516  0.139289 0.0896147 0.0284882  0.106723]
 6.53503 -7.71533:[ 0.145503  0.172852 0.0930721  0.108736  0.159083 0.0457713 0.0672185 0.0445871  0.163178]
 6.47327 -6.43025:[  0.107393   0.147586    0.13258   0.209038   0.224463 0.00388828  0.0482063  0.0170124   0.109832]
 6.1771 -6.4137:[ 0.113246  0.155629  0.139806   0.22043  0.136597 0.0497013 0.0508334 0.0179395  0.115818]
  5.6381 -4.77907:[ 0.229997  0.131331  0.156257 0.0887325 0.0205006  0.224213 0.0177606  0.116917 0.0142913]
5.37427 -3.9881:[  0.212659  0.0457219  0.0889861 0.00281621   0.203479  0.0564155 0.00547464   0.248518   0.135929]
 5.32623 -3.88623:[  0.207374  0.0693792   0.164037  0.0912389  0.0159408   0.190427 0.00223039   0.117569   0.141804]
 4.71326 -3.80202:[ 0.126827    0.1296  0.208309 0.0917688  0.136197 0.0181109 0.0164746  0.142013  0.130699]
===
  9.8545 -18.8492:[ 0.0977429  0.0847972 0.00762818   0.192687   0.166906   0.106157   0.191986  0.0735547  0.0785408]
 9.53006 -18.1538:[  0.191021   0.119201  0.0502277   0.223944 0.00710873  0.0121004   0.194681  0.0837092   0.118008]
  9.4596 -17.3779:[ 0.157167 0.0282393  0.139102 0.0370371 0.0722476  0.163174  0.176667  0.159775 0.0665916]
 9.18043 -17.0927:[0.0776638  0.118475 0.0830633  0.150644  0.147535 0.0447314  0.177548 0.0176961  0.182644]
 8.83144 -16.4834:[ 0.0505772 0.00778462  0.0680304  0.0860334   0.191396   0.157019   0.163708   0.164284   0.111168]
 8.59759 -14.2593:[   0.145116   0.0149858   0.0400539     0.14233 0.000174395    0.214109     0.14313    0.108404    0.191697]
 8.43297 -12.3078:[ 0.103523  0.032768  0.147934   0.19692  0.131191  0.005053  0.125834 0.0528829  0.203895]
 7.37131 -11.8093:[   0.11622   0.240119   0.101191  0.0508441    0.19159   0.164207   0.103708 0.00367584  0.0284436]
 7.07156 -11.6163:[ 0.219985  0.196958 0.0239101  0.023456 0.0622675 0.0510575  0.118239  0.145718  0.158409]
 7.04443 -11.1892:[ 0.175409 0.0952144 0.0952847  0.200481 0.0553581 0.0274809  0.112816  0.211085 0.0268708]
 6.93332 -10.8407:[ 0.104339  0.122279  0.128537   0.11414  0.135392 0.0798586  0.103996  0.126331 0.0851272]
6.60632 -10.145:[0.0737898  0.188963 0.0348459  0.218141  0.136452  0.141294 0.0909046 0.0288983 0.0867114]
 6.51445 -9.86607:[0.0761918 0.0579467  0.129931 0.0821562  0.132414 0.0455243   0.09651  0.165637  0.213689]
 6.28238 -9.72846:[   0.103562   0.0825704    0.208122     0.22409   0.0256685 0.000270832   0.0996453    0.170071   0.0859996]
 6.20538 -8.48076:[  0.178117   0.116944   0.140835   0.176552 0.00562932   0.115386  0.0780178   0.174149  0.0143707]
 5.95169 -7.27927:[0.0798196  0.076504  0.108369  0.138055  0.116798  0.145332 0.0586417  0.115111   0.16137]
5.73865 -7.2144:[  0.0276337 0.000287799    0.242799   0.0720429    0.105373    0.200274    0.055066    0.159708    0.136815]
 5.53328 -7.13516:[ 0.178513  0.133828 0.0936264 0.0210131 0.0458611 0.0792667 0.0649048  0.188146  0.194841]
 5.32068 -5.42668:[ 0.166502  0.226881 0.0295472  0.153291  0.217658 0.0334932 0.0306824  0.117256 0.0246891]
 4.92723 -4.43491:[ 0.148303   0.11934 0.0375611  0.130164  0.117392  0.149013 0.0159124  0.154475   0.12784]
 4.72408 -3.93187:[ 0.142268 0.0843407  0.145418 0.0888801  0.152566 0.0696955 0.0142038  0.228572 0.0740561]
===
 9.78623 -21.6768:[0.0717331  0.104783  0.321152 0.0573155 0.0121962 0.0746568   0.22986 0.0618615 0.0664423]
 8.76898 -18.5856:[0.0734215 0.0232401  0.104919  0.139662 0.0930446 0.0364181  0.197306  0.222255  0.109735]
 8.55078 -18.4443:[ 0.015325 0.0706657 0.0777171 0.0378623  0.145021  0.188843  0.186543   0.14153  0.136493]
  8.4302 -12.7585:[  0.192034   0.147288  0.0967691   0.173355  0.0277465   0.126353    0.12662 0.00768688   0.102148]
 8.19041 -12.6124:[ 0.126248 0.0130373  0.174968  0.123824 0.0120122   0.18627   0.12452 0.0943087  0.144812]
 7.40495 -12.4081:[ 0.0892867   0.182246   0.119245   0.139794  0.0957339   0.108656   0.121811 0.00771061   0.135517]
 6.63755 -11.7644:[0.0365551 0.0710446  0.232543 0.0143598 0.0868597  0.291551  0.102813   0.15311 0.0111638]
 6.30109 -11.6576:[0.0596335  0.116163 0.0962286  0.173283  0.101351 0.0229683  0.119205  0.185764  0.125404]
  6.1174 -10.7095:[ 0.0274346  0.0554723   0.119893   0.233631 0.00859986   0.141572   0.105561   0.148955    0.15888]
  6.0722 -8.99737:[  0.09736  0.121281 0.0081657  0.152957  0.112743  0.133505 0.0814662  0.146216  0.146306]
 5.89372 -8.32115:[  0.0371518 0.000386928    0.137837   0.0968572    0.141668    0.113408   0.0740329    0.214718     0.18394]
 5.32604 -8.23477:[0.0629503  0.161205  0.149266  0.186097  0.116408 0.0184749  0.077551  0.154075 0.0739737]
 5.25155 -6.97792:[0.0744167 0.0373481   0.10742 0.0103285 0.0631558   0.22779 0.0496059  0.179435    0.2505]
 5.00785 -5.50035:[ 0.126974  0.176309 0.0820202 0.0892928 0.0866758   0.14483 0.0351529  0.093968  0.164778]
 4.75425 -4.53688:[0.0957933  0.131031 0.0665367  0.147364   0.14977  0.135861 0.0151683  0.116955  0.141521]
 4.44419 -4.29197:[ 0.134182  0.188231 0.0105324  0.187275  0.112513  0.157205 0.0122568  0.127697 0.0701065]
 3.97856 -4.08988:[  0.13575  0.177187 0.0161976  0.079412  0.134528 0.0784849 0.0146454  0.197524  0.166272]
===
 8.33387 -13.1698:[  0.14708  0.118593  0.107232  0.144918  0.131757  0.124824  0.126003 0.0747592 0.0248341]
  8.1911 -12.9128:[ 0.144711 0.0771068  0.105504  0.142583  0.129634  0.122813  0.123972  0.129242  0.024434]
7.77991 -12.689:[ 0.0871837   0.138249 0.00885338   0.137301   0.222201   0.123944   0.118227  0.0763267  0.0877136]
 6.60223 -11.7888:[ 0.0266049  0.0907121 0.00504709   0.189516   0.133531   0.190674   0.109817   0.147015   0.107083]
 6.08863 -11.0395:[0.0897528  0.148849  0.164244  0.145399 0.0530624 0.0658054  0.109838  0.174366 0.0486822]
 5.83618 -9.02629:[0.0875603  0.163102 0.0932462 0.0905506  0.133057  0.130242  0.079782  0.139072 0.0833878]
  5.1434 -8.19782:[0.0210791   0.16975  0.240797 0.0751043  0.157249 0.0324454 0.0745565  0.131182 0.0978378]
 4.92256 -5.72745:[ 0.117802  0.141826  0.159737  0.079129 0.0271372  0.162696 0.0413991  0.124322  0.145951]
 4.39903 -5.36924:[0.0300142  0.180207  0.029604   0.13369   0.19184  0.152295 0.0221259 0.0788223  0.181403]
 4.35427 -4.65066:[0.0529214  0.169927  0.231115  0.122054  0.104455  0.204995 0.0119488  0.072153 0.0304306]
===
 8.29683 -16.7944:[0.0654822  0.154195  0.180275  0.055665  0.095483  0.103665  0.172318 0.0589453  0.113972]
 8.25486 -13.1799:[0.0721078 0.0867762  0.170729 0.0883556  0.159721  0.141785  0.126511 0.0345177  0.119496]
 7.59649 -12.7395:[  0.14665  0.158146 0.0464144 0.0630616 0.0919045  0.151267  0.124236 0.0860881  0.132233]
    6.18 -12.7316:[0.0278236   0.21241  0.174798 0.0576028  0.061675 0.0636442  0.130459 0.0613671  0.210221]
 5.14995 -9.93991:[0.0463971  0.179491  0.227551 0.0763473 0.0819696 0.0157339  0.099602  0.189564 0.0833452]
 5.78236 -12.2068:[0.0223142 0.0182477  0.279276 0.0570844 0.0269292 0.0718498  0.126243  0.314465 0.0835909]
 4.90851 -7.01491:[ 0.109874  0.134065 0.0205849  0.207965 0.0195933 0.0824296 0.0646525  0.185182  0.175654]
 4.67305 -5.84946:[0.0970007  0.193732 0.0267063 0.0221571  0.153022  0.183938 0.0316323  0.117127  0.174685]
 3.90633 -4.70255:[  0.034902  0.0659745 0.00354669   0.257049   0.137345  0.0499604 0.00397965   0.150434   0.296809]
===
