 9.43116 -14.3635:[ 0.074109 0.0611073  0.139009 0.0604843 0.0149448  0.162405  0.142303  0.129675 0.0802468  0.135716]
 12.3163 -23.1286:[ 0.195391  0.107125  0.112359  0.192936 0.0165238 0.0232425 0.0272946  0.239111 0.0193959 0.0666213]
 7.48251 -4.76232:[ 0.240578 0.0842199  0.110192 0.0699117  0.203554  0.117085 0.0214982  0.018177 0.0851679  0.049617]
 10.2383 -14.8832:[ 0.137579 0.0101288 0.0910062 0.0936952 0.0758792  0.155799 0.0566124  0.145228 0.0707774  0.163295]
 11.3843 -18.0821:[  0.127703 0.00441102   0.150454  0.0805171   0.105387  0.0941546   0.136731   0.172478  0.0641047  0.0640592]
 4.54188 -3.91369:[ 0.0697446   0.136706  0.0513357   0.156993   0.153454   0.110527   0.106556 0.00574377   0.124866  0.0840734]
 5.25709 -4.29366:[  0.123501   0.068446  0.0261637   0.132231   0.168373   0.115103   0.177279 0.00580988   0.155307  0.0277872]
 11.5949 -21.0424:[0.0815447 0.0316118  0.193369 0.0692179  0.152541  0.060356 0.0655085  0.206605 0.0934652 0.0457813]
 10.7727 -16.2589:[0.0677022 0.0798422  0.210884  0.127707 0.0191951  0.171465  0.124728  0.141442 0.0134457 0.0435894]
 8.33029 -7.06326:[ 0.181531 0.0418524  0.128179  0.110317 0.0460067  0.138244 0.0870822 0.0457123 0.0563466  0.164729]
 8.18952 -6.25532:[ 0.181815 0.0449105  0.177129 0.0585252 0.0447151  0.250281 0.0465912 0.0163721  0.115273 0.0643882]
 10.8677 -17.6893:[ 0.132579 0.0332678 0.0985561  0.150445  0.104186  0.133799 0.0603652  0.173813 0.0679289 0.0450605]
 9.48028 -14.6307:[ 0.166342 0.0346467 0.0894966  0.114777  0.166738 0.0262063 0.0939206  0.142767  0.126195 0.0389115]
 9.00024 -8.48523:[  0.21369 0.0528075  0.125729 0.0278105 0.0441321 0.0990164  0.120833 0.0639214 0.0136838  0.238375]
 10.4905 -15.0357:[   0.19296 0.00465504  0.0783955   0.198254  0.0130131   0.127063  0.0796461   0.145533  0.0957629  0.0647179]
 9.07388 -12.2503:[ 0.124663  0.111099  0.161483 0.0681227 0.0726882 0.0702584  0.105396  0.108802 0.0297019  0.147785]
 11.8558 -21.5567:[  0.053205  0.0290783   0.188951   0.110042 0.00492001   0.144491   0.164227   0.203758   0.077454  0.0238726]
 9.04398 -11.5185:[ 0.101307 0.0312656  0.148314  0.109134  0.113636 0.0948518 0.0764538  0.102688  0.067156  0.155194]
===
     9.4 -14.5501:[0.0325927  0.025348  0.163627  0.199705 0.0762657 0.0857477  0.156251  0.129929 0.0792983 0.0512353]
 5.64031 -4.81839:[ 0.142242 0.0729455 0.0517271  0.184295  0.115619 0.0186067  0.094189 0.0302934  0.139324  0.150759]
7.15607 -6.1304:[  0.118723   0.137332   0.134734  0.0653063   0.135865   0.196556 0.00607571  0.0324008  0.0359935   0.137013]
 6.78805 -6.08262:[0.0881527  0.094329  0.101569  0.125083 0.0265103  0.176945  0.155721 0.0240898 0.0288358  0.178764]
 5.85017 -5.08511:[ 0.107804  0.123769  0.131433  0.101345  0.115767 0.0994631 0.0911362 0.0187768  0.136047 0.0744581]
 6.04225 -5.09531:[0.0912905  0.149343  0.120622  0.138688 0.0442185  0.138911 0.0438672 0.0170952 0.0293132  0.226652]
 9.7149 -14.887:[  0.138456  0.0865283 0.00638339  0.0300619   0.200433   0.240664   0.107103   0.140567  0.0279108  0.0218931]
 11.1684 -19.2538:[ 0.114836 0.0733608  0.208193 0.0211772   0.05376 0.0253872 0.0946914  0.188161 0.0621176  0.158316]
 4.95348 -4.70981:[   0.16616   0.162545  0.0532688  0.0316917   0.162047 0.00694333  0.0809063  0.0310565     0.1635   0.141881]
 10.6802 -17.4724:[  0.168271  0.0247084 0.00751597   0.156226   0.100582   0.180777  0.0873206    0.17462  0.0706845  0.0292955]
 8.33012 -7.24802:[ 0.197636 0.0372842  0.179683 0.0422735  0.114489  0.089819  0.178273 0.0330989  0.114963 0.0124805]
 7.72177 -6.76729:[ 0.135768 0.0752354  0.160069 0.0750802  0.131212  0.114143  0.168662 0.0296067 0.0551514 0.0550734]
 8.79994 -9.81098:[ 0.141529 0.0388469 0.0821076 0.0891769 0.0994018  0.131464  0.129165 0.0828382 0.0129106   0.19256]
 9.73897 -15.2968:[  0.126349   0.101549   0.116241   0.110189  0.0794983   0.150256 0.00457731    0.14851  0.0733113   0.089519]
 10.2329 -15.6788:[ 0.176535  0.131824 0.0608081 0.0892574  0.110098  0.210908 0.0015995  0.152633 0.0199358 0.0464006]
 8.86876 -13.3681:[0.0909963  0.131007  0.141973 0.0902377 0.0617359   0.20858 0.0412597  0.116696 0.0989506 0.0185632]
===
 7.11385 -6.40719:[ 0.186216 0.0321946 0.0609291  0.052919  0.124238  0.162099 0.0569276 0.0455229  0.184365 0.0945881]
 5.75901 -5.33639:[ 0.120819  0.147316   0.13848 0.0183909   0.15314 0.0479687 0.0964189 0.0265592  0.135905  0.115002]
 5.98646 -6.37252:[0.0739651 0.0863048 0.0414531  0.131573  0.118124  0.168367 0.0913486 0.0439665  0.125426  0.119472]
 5.87571 -6.34385:[ 0.065631  0.135853 0.0968212  0.162873  0.075847  0.133962 0.0651444  0.041855   0.11559  0.106424]
 9.36851 -14.9366:[0.0847876 0.0473896 0.0429139  0.183501 0.0449197  0.189323   0.14252  0.140832 0.0675718 0.0562423]
 10.7828 -20.0059:[0.0761317 0.0441139  0.115364 0.0257395  0.131822 0.0634264 0.0307426  0.207536 0.0506079  0.254517]
 10.9792 -22.9965:[0.0579272  0.117998  0.133347 0.0469888  0.218275 0.0541448 0.0261793   0.23475 0.0716804 0.0387088]
 4.76314 -4.80133:[0.0554855  0.150432 0.0543728 0.0596429  0.232112  0.105932 0.0191862 0.0284154  0.109769  0.184653]
 4.78288 -4.84577:[0.0789114  0.087333 0.0460396  0.082028 0.0542785 0.0979722  0.171042 0.0145841  0.154588  0.213224]
 10.4399 -19.8877:[ 0.0678479  0.0714124   0.123635 0.00722224   0.090928  0.0904077  0.0836316   0.201208  0.0853553   0.178352]
 7.97782 -7.57047:[ 0.182102  0.176462  0.195199   0.18313 0.0460077 0.0722626  0.008439 0.0503058 0.0267219 0.0593697]
8.00288 -8.0057:[  0.119763  0.0975607   0.148508  0.0620553    0.15105  0.0855479   0.151307  0.0534729 0.00642255   0.124312]
  8.1162 -8.73549:[0.0621199 0.0599347  0.197314   0.23462  0.136943 0.0394711  0.175261 0.0544111 0.0237744 0.0161501]
 7.19367 -7.50528:[ 0.167731  0.105495   0.15322 0.0485551  0.112174 0.0268308 0.0452806 0.0591932  0.138967  0.142554]
 8.71905 -11.6698:[  0.165295 0.00496245   0.053997  0.0738621    0.14954   0.116161   0.168181   0.103065   0.155584 0.00935223]
 8.72318 -12.8503:[  0.217088  0.0926353   0.108729 0.00663691   0.166429   0.018516  0.0233231   0.125671   0.174555  0.0664168]
 8.17189 -10.2202:[ 0.175678 0.0809153 0.0208595 0.0621602  0.171365 0.0488361  0.163773  0.093982 0.0186408   0.16379]
10.2066 -18.177:[ 0.153288 0.0805446  0.135938 0.0491047  0.099331 0.0550099  0.042791  0.180866  0.152366 0.0507607]
 9.82038 -16.5758:[ 0.141839   0.12231 0.0475194  0.147069  0.136046  0.107162 0.0900494  0.163344 0.0220875 0.0225736]
===
 6.05297 -6.44403:[0.0168765  0.134276  0.154332   0.11868  0.153491 0.0827932  0.212476 0.0240351 0.0458394  0.057202]
 6.21229 -6.80665:[ 0.0407749   0.224009   0.227158    0.14869   0.184478  0.0739916   0.014022  0.0316824   0.046095 0.00909922]
  5.7723 -6.41979:[  0.132192  0.0837549 0.00785309   0.126773    0.11171   0.138476   0.138242  0.0443685    0.19343  0.0232009]
 9.11908 -16.5387:[ 0.0218173 0.00938099   0.106631   0.115663  0.0658716   0.107457   0.137467    0.16086   0.155448   0.119405]
 8.85115 -16.0804:[0.0458984  0.190453  0.114234  0.141567   0.11437  0.109121  0.011182  0.158516 0.0110779   0.10358]
 4.63651 -4.84857:[0.0509589  0.126516 0.0556137  0.384069 0.0650332 0.0442648 0.0517405 0.0309125  0.151139  0.039753]
 7.32783 -7.98421:[ 0.163155 0.0740278  0.141472  0.103504 0.0298542 0.0135721 0.0974618 0.0642339  0.145044  0.167674]
 8.09755 -9.36281:[   0.16872  0.0379171   0.107464   0.159084 0.00183927   0.108117  0.0140984  0.0846769   0.156845   0.161239]
  7.3364 -9.10566:[  0.141397   0.132911   0.139277   0.102005   0.142036 0.00481771    0.13808  0.0714773   0.105278  0.0227219]
 6.62485 -7.51106:[ 0.132525 0.0470546 0.0363743 0.0976288   0.14228  0.111448 0.0784195 0.0641558  0.175269  0.114845]
 8.36212 -12.0643:[ 0.174116  0.215152   0.12534  0.121975 0.0241649 0.0286599  0.151626  0.105049 0.0179787 0.0359384]
 8.62565 -12.7532:[  0.084632   0.163778   0.177002    0.10786   0.164332  0.0654495 0.00139275   0.116929  0.0299997  0.0886245]
 8.27683 -11.8004:[0.0887266 0.0339486  0.108541  0.154477 0.0751288 0.0532556  0.175334  0.104993  0.116434 0.0891607]
8.63584 -14.271:[0.0587328 0.0667055 0.0318803  0.067569  0.176584 0.0890622  0.192966  0.137627 0.0234972  0.155375]
 10.0959 -18.1872:[ 0.127493 0.0234008 0.0792536  0.153454 0.0462658  0.113121 0.0765425  0.181315  0.175919 0.0232349]
 9.71437 -16.6283:[  0.0133432   0.0643008    0.116671    0.214083 0.000774397    0.173097   0.0821022    0.160096   0.0389133     0.13662]
===
 8.78253 -16.3215:[0.0124765 0.0698841  0.140982  0.152387  0.080737 0.0710385   0.08618  0.158346  0.135578 0.0923908]
 4.52436 -6.57525:[  0.0163279    0.180589   0.0331605    0.189538 0.000735039    0.164823    0.062334   0.0502631    0.157761    0.144468]
4.47513 -5.3411:[ 0.0375195    0.12609   0.105669  0.0255515   0.197711   0.176561  0.0238352  0.0234654   0.280163 0.00343576]
 6.80569 -8.36389:[0.0950456 0.0702766   0.12895  0.176957  0.128007 0.0501869 0.0487661 0.0690694  0.182805 0.0499365]
 7.23017 -8.51031:[ 0.177683  0.148902 0.0663137  0.143197 0.0879408 0.0348459 0.0818604 0.0755929  0.058809  0.124855]
 7.83572 -9.40212:[ 0.0397303 0.00444159   0.143059    0.12522   0.132154   0.129678  0.0976294  0.0749736   0.122132   0.130983]
 7.96638 -9.91218:[ 0.115454 0.0218135  0.128555 0.0775339  0.126625 0.0994503 0.0272943  0.088968  0.173443  0.140864]
 7.99558 -9.94468:[ 0.073827 0.0322413  0.134612  0.130405 0.0713067  0.080054  0.151688 0.0817466 0.0948656  0.149253]
 6.42799 -7.65736:[ 0.0650393  0.0794472   0.111902   0.197087   0.151727  0.0713052   0.107422  0.0553294   0.151723 0.00901827]
  8.3947 -13.1588:[  0.202129   0.209071  0.0937447  0.0329066   0.050383 0.00534093   0.161934   0.122335  0.0543003  0.0678562]
 8.53074 -13.2138:[ 0.114267 0.0321323 0.0412665  0.138117  0.106609  0.130757 0.0511417  0.130955  0.143575  0.111179]
 8.15602 -11.9534:[ 0.116697 0.0799564 0.0259431  0.168621  0.144747  0.115081 0.0811953  0.115038 0.0751192 0.0776012]
 8.23645 -12.1344:[ 0.118224  0.103372 0.0613135  0.114967  0.121443 0.0749906  0.140794  0.113082 0.0575156 0.0942991]
 9.81068 -23.3145:[0.0531682  0.148192 0.0404352 0.0508217  0.103978 0.0154957     0.184  0.240794 0.0932882 0.0698262]
 9.80856 -19.8675:[0.0247384 0.0670895 0.0248095 0.0598989 0.0694168  0.176725  0.128129  0.202824 0.0693043  0.177065]
  9.4503 -16.9328:[0.0288906 0.0972457  0.127812  0.162559 0.0322315  0.177838 0.0447614  0.162847 0.0913756 0.0744395]
===
 3.78253 -5.90946:[ 0.0345476     0.2242  0.0331737   0.115009 0.00415404   0.168864  0.0577262  0.0415693     0.2153   0.105456]
 7.1413 -9.0562:[ 0.158695  0.152964  0.117141 0.0974634 0.0832879 0.0195006 0.0940836 0.0774278  0.113546 0.0858908]
 6.54273 -8.99253:[ 0.175946  0.159919 0.0309303 0.0930159 0.0317245 0.0960464 0.0768004 0.0821109  0.161204  0.092302]
 7.51212 -9.72766:[0.00656497  0.0213658   0.126358   0.169466  0.0774041   0.189764  0.0870058  0.0774601   0.135975   0.108636]
 7.95574 -10.6441:[ 0.105962 0.0931008  0.109549   0.11989  0.110884  0.121289  0.129947 0.0874544   0.10823 0.0136948]
 7.72243 -10.5864:[ 0.168335  0.161181 0.0427834 0.0463852   0.14764 0.0709907  0.165757 0.0936093 0.0441712 0.0591478]
 4.73747 -7.84181:[ 0.0808202   0.154823  0.0127308  0.0951633  0.0331618 0.00672194   0.189331   0.068064   0.183994    0.17519]
  5.8895 -7.94472:[ 0.0117403  0.0380465   0.115195   0.207841 0.00149131  0.0216056   0.152449  0.0625871   0.173146   0.215899]
  6.3557 -8.12441:[0.0242787 0.0230196 0.0412417 0.0958341  0.153483  0.159864  0.131694  0.065374  0.151618  0.153592]
 8.25265 -13.3567:[ 0.139727  0.161318 0.0630894  0.119747 0.0224113  0.144312 0.0551734  0.127763  0.103425 0.0630334]
 8.50357 -16.1621:[  0.15632  0.161076 0.0397443 0.0743487 0.0292577 0.0371908  0.148156  0.161483  0.120231  0.072192]
 8.35687 -14.0857:[0.0892026   0.12118 0.0741747 0.0302714 0.0917855  0.103186  0.182512  0.131195 0.0877754 0.0887176]
 8.28332 -13.5566:[  0.112894  0.0576741  0.0301063   0.152901 0.00821108   0.105222  0.0922508   0.135702    0.12684   0.178199]
 9.45623 -20.6218:[  0.136767   0.108024 0.00484142   0.194844  0.0200771 0.00938911   0.121708   0.215721   0.148419  0.0402087]
===
 7.03937 -9.32106:[ 0.0803686   0.125946   0.161031  0.0997411 0.00753889    0.14505   0.139834  0.0636225   0.168721 0.00814758]
 6.57797 -9.06347:[0.0476685  0.114262 0.0811395  0.054332 0.0848512  0.145227  0.151837 0.0722516  0.117667  0.130764]
 7.45262 -10.2828:[  0.101887  0.0455512  0.0660571   0.219906  0.0390707   0.196704 0.00217302  0.0922056   0.213717  0.0227284]
 7.75041 -11.8069:[0.0370661  0.051584  0.118387  0.139445 0.0149375   0.10928  0.145098  0.104894  0.141431  0.137877]
 7.90422 -12.9189:[ 0.133614  0.146747 0.0532509  0.142418  0.134962 0.0957976 0.0178144  0.126595  0.118658 0.0301433]
 7.87605 -12.2498:[ 0.106594  0.108741 0.0782655  0.104328 0.0949301  0.111806  0.106445  0.112452  0.134576  0.041863]
 7.61673 -11.0478:[0.0411058 0.0656481  0.121007 0.0839228 0.0718568  0.110524    0.1314 0.0964828  0.120007  0.158045]
 7.67533 -11.3221:[ 0.142692  0.167849 0.0676435 0.0722684 0.0511387 0.0803092  0.136384  0.103369 0.0674017  0.110944]
4.58264 -7.9213:[0.00438051   0.193611   0.142431   0.112142  0.0862213 0.00092609   0.165051   0.056471   0.218069  0.0206971]
 5.92902 -8.23496:[ 0.0932556   0.198634 0.00977893   0.188459  0.0567685  0.0733509   0.112458  0.0729667  0.0275652   0.166763]
 8.40014 -16.4793:[0.0400746  0.139991 0.0312375  0.051898  0.144184  0.078729  0.149949  0.165783 0.0347817  0.163373]
 8.28504 -15.2636:[0.0556851  0.103703 0.0363951  0.182184  0.174695 0.0132111 0.0516592  0.158704 0.0337907  0.189973]
 7.9419 -13.735:[0.0263548  0.128909 0.0453103  0.164623  0.120226   0.15486 0.0441859  0.135187 0.0449691  0.135374]
 8.25598 -14.7391:[0.00291734  0.0768896   0.157639 0.00483451  0.0839147  0.0985699   0.131899   0.137207   0.150154   0.155976]
===
 6.94681 -10.2437:[ 0.0423836  0.0148294   0.082666    0.21583 0.00257069  0.0665554    0.17542   0.090042   0.187522   0.122181]
 6.47371 -9.70188:[ 0.039031  0.181056  0.177534 0.0643582   0.17672 0.0197238  0.023917 0.0838182  0.118383  0.115458]
 7.28605 -10.9183:[0.0346272  0.130214  0.121084  0.114944  0.133862  0.151603 0.0639079 0.0930675  0.115114 0.0415769]
 7.22767 -10.5723:[0.0546373 0.0957155  0.130339  0.166762  0.164971 0.0414924 0.0658053 0.0940608  0.131398 0.0548191]
 7.43996 -11.9098:[0.0489996 0.0730786  0.076929  0.114515  0.113933 0.0965349  0.158211  0.107678  0.142744 0.0673761]
 7.58704 -13.0583:[0.00991119   0.126821  0.0726174  0.0344985   0.148738    0.17726   0.149073   0.117429  0.0919233  0.0717287]
 5.71545 -8.81238:[0.0114579  0.243164  0.131302  0.149397 0.0222559  0.102615  0.196814 0.0581685 0.0707275 0.0140992]
 7.69254 -14.1055:[ 0.0337395   0.138003   0.164954  0.0368528 0.00695198   0.102803   0.156903   0.124297    0.18954  0.0459564]
 8.22611 -15.2788:[  0.0343581    0.102318   0.0902535    0.163444    0.120269    0.162249 0.000675698    0.148387      0.1665    0.011546]
===
 6.89048 -10.9592:[0.0378051  0.178119  0.143355 0.0137267 0.0491709  0.184233 0.0410171 0.0932583  0.152749  0.106567]
 6.96042 -11.6321:[0.0769024  0.118394 0.0413494 0.0857933  0.199763 0.0309591  0.192053  0.106579  0.119077 0.0291293]
5.45322 -9.3873:[0.0409015 0.0800818 0.0358646  0.230517 0.0155435 0.0281613  0.110827 0.0895518  0.229023  0.139529]
 8.12934 -16.8226:[0.0446055    0.2009 0.0397515  0.302259  0.057814 0.0251559 0.0879748  0.170697 0.0173282 0.0535137]
===
 6.28405 -12.4459:[0.00682021   0.232037   0.106186  0.0827894 0.00174492   0.121247   0.204482   0.104123   0.136679 0.00389038]
 6.88191 -12.5412:[0.0180141  0.102698 0.0848035  0.121815   0.14636 0.0525116 0.0619719  0.122868  0.162875  0.126083]
  5.0929 -11.0864:[0.0462555  0.206931 0.0382974 0.0782489  0.133163 0.0333441 0.0956428  0.106639  0.231423 0.0300554]
===
 6.73583 -13.9134:[ 0.0454239  0.0671074 0.00621345   0.114706   0.154203 0.00919206  0.0843039    0.14568   0.203721   0.169448]
===
